44444444444444444444444444444444
40000000000000000000000000000004
40000000000000000000000000000004
40000000000000000000000000000004
40000000000000000000000000000004
40000000000000000000000000000004
40000000000000000000000000000004
40000000000000000000000000000004
40000000000000000000000000000004
40000000000000000000000000000004
40000000000000000000000000000004
40000000000000000000000000000004
40000000000000000000000000000004
40000000000000000000000000000004
40000000000000000000000000000004
40000000000000000000000000000004
00000000000000000000000000000000
00000000000000000000000000000000
00000000000057750000000000000000
00002100000777777000001200000000
34343434340000000034343434343434
34343434340000000034343434343434
34343434340000000034343434343434
34343434340000000034343434343434