44444444444444444444444444444444
40000000000000000000000000000004
40000000000000000000000000000004
40000000000000000000000000000004
40000000000000000000000000000004
40000000000000000000000000000004
40000000000000000000000000000004
40000000000000000000000000000004
40000000000000000000000000000004
40000000000000000000000000000004
40000000000000000000000000000004
40000000000000000000000000000004
40000000000000000000050050050004
40000000000005005005077777700004
40000000005000000000077777700004
40000000000000000000077777700004
00000000500000000000077777700000
00000000000000000000077777700000
00000050000000000000077777700000
00000000000000000000077777700000
34343400343434343434343434343434
34343400343434343434343434343434
34343400343434343434343434343434
34343400343434343434343434343434