44444444444444444444444444444444
40000000000000000000000000000004
40000000000000000000000000000004
40000000000000000000000000000004
40000000000000000000000000000004
40000000000000000000000000000004
40000000000000000000000000000004
40000000000000000000000000000004
40000000000000000000000000000004
40000000000000000000000000000004
40000000000000000000000000000004
40000000000000000000000000000004
40000000000000866800000000000004
40000005000000343400000050000004
40000000000034343434000000000004
40000000007434343434370000000004
00000000743434343434343700000000
00000074343434343434343437000000
00003434343434343434343434340000
00343434343434343434343434343400
34343434343434343434343434343434
34343434343434343434343434343434
34343434343434343434343434343434
34343434343434343434343434343434