00000000000000000000000000000000
00000000000000000000000000000000
00000000000000000000000000000000
00000000000000000000000000000000
00000000000000000000000000000000
00000000000000000000000000000000
00000000000000000000000000000000
00000000000000050000000000000000
00000000000000000000000000000000
00000000000000000000000000000000
00000000000000000000000000000000
00000000000000000000000000000000
00005000000000000000000000000000
00000000000000000000000000000000
00000000000000000000000000050000
00000000000000000000000000000000
00000000000000000000000000000000
00000000000080000000000000000000
00000000000020000000060000000000
00200777700112077770121000060000
34343434343434343434343434343434
34343434343434343434343434343434
34343434343434343434343434343434
34343434343434343434343434343431
