44444444444444444444444444444444
40000000000000000000000000000004
40000000000000000000000000000004
40000000000000000000000000000004
40000000000000000000000000000004
40000000000000000000000000000004
40000000000000000000000000000004
40000000000000000000000000000004
40000000000000000000000000000004
40000000000000000000000000000004
40000000000000000000000000000004
40000000000000000000000000000004
40000000000000000000000000000004
40000000000000050000005000000004
40000000000000000000000000000004
40000000005000000000000000000004
00000000000000000000000000000500
00000500000000000000000000000000
00000000000000000000000000000000
00000000000006787678767876780000
34343434343434343434343434343434
34343434343434343434343434343434
34343434343434343434343434343434
34343434343434343434343434343434