
22222222222222222222222222222222
20000000000000000000000000000002
20000000000000000000000000000002
20000000000000000000000000000002
20000000000000000000000000000002
20000000000000000000000000000002
20000000000000000000000000000002
20000000000000000000000000000002
20000000000000000000000000000002
20000000000000000000000000000002
20000000000000000000000000000002
20000000000000000000000000000002
20000000000000000000000700000002
20000000000000000000000000000002
20000000000700000000000000000002
20000000000000000000000000000002
00000000000000000000000000000000
00000000000000000000000000000000
00000000000000000000000000000000
00000304000300060008800058000000
11111111111111111111111111111111
22222222222222222222222222222222
22222222222222222222222222222222
22222222222222222222222222222222